image: room212.pgm
resolution: 0.010000
origin: [-12.520000, -12.200000, 0.000000]
negate: 0
occupied_thresh: 0.65
free_thresh: 0.196

